0
0
196
610
846
1134
1114
806
798
784
784
784
784
784
784
784
784
784
784
784
784
784
784
786
820
1070
994
640
392
106
0
0
0
276
894
1222
858
400
164
332
316
302
300
300
300
300
300
300
300
300
300
300
300
300
300
302
294
194
496
798
862
504
136
0
168
800
1086
324
662
1018
900
788
742
740
740
740
740
740
740
740
740
740
740
740
740
740
740
740
748
778
718
232
474
738
440
90
440
944
292
818
1022
588
242
124
100
88
88
88
88
88
88
88
88
88
88
88
88
88
88
88
110
226
492
664
260
448
630
254
572
638
408
854
326
136
210
180
160
154
174
210
230
230
228
228
228
228
228
228
228
228
228
228
230
230
138
238
462
54
580
348
596
448
564
464
104
278
384
468
454
464
438
326
106
68
70
68
68
68
68
68
68
68
68
68
70
94
174
96
286
152
490
400
530
284
446
242
150
246
692
924
824
840
898
950
414
54
22
4
4
4
4
4
4
4
4
4
6
10
18
74
236
164
446
410
498
240
372
198
114
192
638
614
290
310
446
1032
950
172
72
12
8
8
8
8
8
8
8
8
8
8
10
26
214
150
418
384
480
230
358
176
86
172
674
742
420
324
170
486
1132
708
28
58
4
4
4
4
4
4
4
4
4
4
6
18
210
130
416
380
476
230
350
168
78
148
538
540
330
392
404
74
752
1134
494
44
42
4
4
4
4
4
4
4
4
4
8
22
218
134
416
380
476
230
354
174
84
106
518
666
414
320
434
468
42
934
1082
362
60
36
8
8
8
8
8
8
8
8
12
22
220
136
416
380
476
228
352
174
102
24
242
618
734
562
404
496
498
140
1028
1026
306
56
32
8
8
8
8
8
8
8
10
18
222
138
416
380
476
230
354
182
114
8
70
114
480
742
672
482
540
514
198
1064
1006
312
52
40
8
8
8
8
8
8
10
18
226
140
416
380
476
232
356
188
116
24
92
128
30
288
664
720
538
576
524
212
1064
1034
348
58
54
10
8
8
10
12
12
16
230
142
416
380
476
232
360
190
114
42
58
92
124
100
144
568
724
566
600
554
172
1054
1096
440
28
74
32
16
42
38
34
14
236
146
416
380
476
230
362
190
120
46
30
60
82
108
116
70
508
706
560
612
592
104
1002
1186
728
322
102
64
106
194
168
20
250
150
416
380
476
228
360
188
120
54
4
26
50
72
96
120
46
484
680
532
610
636
32
758
964
658
232
114
730
508
502
44
260
152
416
380
476
228
362
190
116
54
10
6
16
40
64
92
120
46
484
642
480
590
652
422
700
744
146
858
948
544
576
30
262
154
416
380
476
228
364
192
116
52
12
8
6
10
32
58
90
116
72
512
596
384
386
368
350
630
894
1002
52
942
534
46
264
158
416
380
476
230
366
196
116
52
12
8
10
8
10
26
54
88
110
146
578
402
194
268
290
732
606
260
970
774
196
40
266
162
416
380
476
232
368
202
114
50
8
4
6
6
6
8
28
54
100
62
392
502
530
460
650
434
504
980
816
276
70
30
270
166
416
380
476
232
370
208
114
52
8
4
4
4
4
6
10
28
64
82
186
306
268
596
586
296
412
562
688
206
92
54
270
170
416
380
476
232
372
212
114
56
12
8
8
8
8
8
8
10
36
62
80
80
816
1024
146
336
220
240
928
926
408
128
254
182
416
380
476
232
374
212
108
54
12
8
8
8
8
8
8
6
14
48
124
776
1142
306
734
732
736
638
46
730
756
306
260
192
416
380
486
254
368
224
102
54
12
8
8
8
8
8
8
8
22
32
308
660
412
794
1058
556
638
914
670
464
760
372
290
188
438
390
524
364
356
324
76
64
10
8
8
8
8
8
8
8
16
2
274
668
676
898
524
60
96
590
638
754
726
118
436
164
520
394
472
534
196
498
124
68
36
22
24
24
24
24
24
24
26
34
114
232
314
230
42
40
46
348
486
600
196
390
608
184
642
328
314
646
266
390
490
252
112
68
64
64
64
64
64
64
66
78
120
160
152
142
132
114
108
46
38
124
568
836
260
614
648
204
142
506
652
260
250
484
534
574
582
582
580
580
580
580
584
592
610
628
630
632
638
628
634
674
668
786
760
184
650
824
406
80
24
206
526
690
552
294
106
52
30
30
28
28
28
28
30
34
44
56
60
62
58
48
52
68
56
74
394
858
870
472
140
10
0
38
180
410
614
734
780
772
764
762
760
760
760
760
760
760
760
760
760
762
764
764
764
762
776
826
830
664
358
130
34
0
0
0
16
76
164
240
284
294
294
292
292
292
292
292
292
292
292
292
292
292
292
292
292
294
294
278
214
128
56
16
4
0
