78
65478
65469
65460
65450
65438
65430
65325
65120
65149
65411
9
16
21
20
17
18
26
37
42
38
28
19
19
29
42
47
39
28
28
37
154
80
65475
65467
65463
65458
65447
65438
65329
65114
65141
65411
14
22
28
31
31
29
30
35
38
36
30
21
14
15
24
32
31
25
23
26
143
81
65473
65466
65464
65463
65458
65451
65334
65108
65134
65411
19
28
36
43
46
44
40
36
34
34
31
23
13
6
6
12
19
22
19
13
130
80
65472
65465
65461
65460
65460
65461
65342
65103
65126
65411
24
35
44
52
58
58
53
46
37
29
25
22
14
1
65527
65527
0
11
16
12
130
81
65478
65474
65465
65457
65455
65461
65345
65101
65123
65415
32
43
52
60
68
72
67
57
46
33
22
17
14
5
65525
65514
65517
65528
0
5
136
71
65466
65471
65468
65460
65457
65459
65335
65090
65120
65422
44
52
57
64
72
77
76
69
56
39
23
13
10
8
65534
65518
65508
65509
65522
25
182
64
65449
65459
65467
65465
65457
65431
65288
65064
65117
65428
53
59
61
65
71
76
78
75
66
51
33
17
9
9
6
65528
65507
65498
65532
35
154
64
65442
65448
65462
65466
65433
65406
65305
65077
65111
65428
52
56
61
67
72
75
76
76
74
67
53
33
14
4
1
65529
65515
65529
17
65521
87
74
65447
65445
65452
65433
65407
65443
65356
65087
65102
65420
50
59
64
67
69
71
72
73
76
77
68
48
25
5
65528
65528
17
37
65528
65466
68
73
65456
65448
65416
65390
65430
65492
65365
65078
65099
65422
52
59
63
66
70
72
71
70
73
77
75
65
46
18
65533
19
51
9
65470
65441
54
60
65447
65417
65378
65415
65487
65516
65372
65079
65097
65425
54
63
80
87
74
63
63
65
69
75
78
72
48
28
60
94
40
65487
65443
65418
22
29
65377
65350
65397
65478
65517
4
65402
65084
65090
65428
59
61
103
183
209
149
79
54
56
61
67
69
40
65530
65522
65526
65500
65469
65447
65414
19
65498
65306
65359
65451
65505
65526
22
65417
65083
65086
65431
66
65
60
56
93
175
210
179
168
194
210
201
188
168
82
65464
65357
65336
65312
65255
65399
65452
65321
65389
65457
65507
10
50
65433
65082
65081
65432
70
71
71
64
53
66
148
269
322
307
285
244
185
134
88
16
65408
65223
65118
65104
65304
65480
65350
65401
65459
65523
46
88
65456
65083
65076
65477
217
286
293
277
243
230
246
235
209
155
50
65492
65434
65404
65400
65362
65278
65225
65218
65223
65415
0
65381
65422
65484
12
52
73
65436
65069
65070
65459
162
199
198
213
238
255
264
240
196
161
114
46
65505
65435
65376
65303
65238
65232
65269
65292
65465
37
65411
65457
65505
65533
10
14
65380
65043
65067
65445
94
90
86
86
105
138
156
155
149
143
123
87
60
33
65503
65420
65383
65389
65396
65399
43
32
65415
65455
65466
65458
65460
65473
65327
65020
65060
65444
98
106
132
172
228
279
269
197
125
89
74
53
7
65477
65397
65328
65326
65395
65463
65466
74
42
65399
65408
65410
65407
65414
65459
65344
65024
65061
65492
214
275
314
321
301
261
218
186
143
67
65505
65421
65384
65393
65421
65448
65462
65461
65449
65423
52
65513
65299
65305
65325
65351
65398
65471
65353
65018
65067
5
265
253
225
210
196
211
222
183
113
18
65473
65474
5
53
31
65502
65457
65460
65467
65441
60
65429
65256
65299
65325
65355
65396
65453
65330
65002
65030
65436
118
130
130
159
237
288
257
197
155
142
140
144
156
103
65510
65427
65433
65459
65469
65439
25
65436
65274
65299
65315
65342
65381
65435
65310
64984
65026
65448
124
143
204
282
315
290
224
144
91
87
125
159
101
65504
65430
65439
65482
65532
10
65499
55
65456
65280
65288
65304
65326
65360
65412
65287
64966
65012
65439
167
277
338
308
252
196
149
129
116
92
60
2
65475
65467
65505
13
38
30
9
65523
101
65473
65274
65276
65289
65309
65338
65381
65255
64944
64999
65431
144
209
230
193
159
147
143
140
133
104
73
55
35
47
75
79
66
44
19
6
135
65479
65269
65269
65276
65292
65317
65352
65224
64922
64986
65419
100
110
126
136
142
149
151
148
145
157
183
174
130
107
101
89
75
57
30
65522
92
65480
65262
65261
65265
65276
65297
65324
65193
64899
64968
65406
98
112
123
132
141
149
153
157
168
207
233
186
133
121
114
102
89
69
34
65501
62
65476
65257
65256
65258
65266
65282
65303
65171
64883
64957
65395
85
99
112
123
133
143
150
156
163
192
214
176
138
133
129
120
107
87
60
7
108
65472
65249
65245
65246
65253
65266
65284
65153
64869
64947
65388
77
89
103
116
127
136
145
148
154
178
186
166
152
148
143
135
122
109
86
43
162
65466
65242
65240
65241
65246
65257
65271
65138
64857
64937
65380
71
81
92
105
118
128
138
148
158
168
170
167
164
160
155
147
134
118
98
75
199
65463
65235
65232
65233
65238
65248
65258
65124
64848
64932
65376
65
74
87
99
108
118
131
145
158
168
174
175
173
172
169
159
144
126
106
89
214
65459
65230
65229
65232
65237
65244
65251
65117
64843
64930
65376
64
72
82
91
103
115
126
140
155
169
180
182
179
179
176
165
151
135
117
100
221
587
572
564
560
557
555
552
412
137
0
0
0
0
0
0
0
0
0
0
0
0
0
0
0
0
0
0
0
0
0
0
0
