0
65438
65133
64810
64694
64710
64738
64752
64753
64752
64752
64752
64752
64752
64752
64752
64752
64752
64752
64752
64752
64752
64752
64758
64783
64849
65020
65287
65483
0
0
0
65398
65049
64783
64821
65171
91
301
306
300
300
300
300
300
300
300
300
300
300
300
300
300
300
301
274
52
65190
64973
65049
65269
65468
0
0
65190
65040
65402
456
754
785
760
742
739
740
740
740
740
740
740
740
740
740
740
740
740
740
740
733
695
559
222
65346
65199
65339
65491
0
65244
65515
472
617
421
210
117
92
88
88
88
88
88
88
88
88
88
88
88
88
88
88
88
100
170
325
393
175
65389
65314
65454
0
65487
211
347
142
65443
65369
65375
65386
65385
65372
65344
65316
65307
65308
65308
65308
65308
65308
65308
65308
65308
65308
65308
65308
65318
65401
63
162
11
65432
65489
0
46
170
94
65473
65392
65285
65138
65084
65084
65126
65292
65455
65483
65467
65468
65468
65468
65468
65468
65468
65468
65468
65468
65466
65451
65414
65443
15
33
65508
65498
65524
25
48
65525
65485
65466
65254
64903
64725
64711
64750
64989
65375
23
13
3
4
4
4
4
4
4
4
4
5
8
65532
65506
65505
65522
65515
65505
65522
17
2
65516
65512
65530
65520
65436
65325
65257
65174
65066
65178
65461
33
11
8
8
8
8
8
8
8
8
8
8
9
2
65523
65523
65532
65533
65534
2
65532
65527
65530
14
98
229
283
232
111
65360
65102
65251
65520
29
4
4
4
4
4
4
4
4
4
4
4
3
1
0
0
0
0
0
0
1
4
18
60
137
221
262
221
36
65228
65074
65325
16
22
3
4
4
4
4
4
4
4
4
5
7
6
2
0
0
0
1
3
5
65533
29
190
326
268
200
248
244
65529
65131
65055
65364
29
22
7
8
8
8
8
8
8
8
8
7
4
1
0
0
0
0
0
2
65532
11
164
404
481
354
243
277
262
65479
65059
65050
65385
30
20
7
8
8
8
8
8
8
7
5
3
1
0
0
0
65535
65535
4
6
65529
65532
102
317
467
404
276
291
265
65446
65016
65032
65382
34
24
7
8
8
8
8
8
8
7
4
1
0
0
0
65535
65535
3
5
65532
65506
65477
65521
173
391
409
295
302
267
65429
64992
65009
65369
40
33
9
8
8
9
11
11
8
4
1
0
0
0
1
3
3
0
65528
65512
65492
65468
65473
73
312
390
300
314
285
65445
64985
64953
65299
20
52
19
11
28
37
23
10
6
2
0
0
0
1
3
4
3
65534
65522
65505
65490
65475
65469
33
262
364
294
320
306
65475
64973
64813
65020
65290
65480
35
65497
65375
65436
4
11
2
0
0
0
0
0
1
4
5
65535
65523
65509
65497
65484
65472
22
243
340
275
318
324
8
65116
65004
65265
18
65512
65170
65079
65374
17
8
1
0
0
0
0
1
2
3
6
7
3
65530
65516
65502
65489
65477
23
232
308
236
295
400
342
232
182
65512
65115
65031
65377
58
29
3
1
0
0
0
0
1
3
5
7
8
8
5
65533
65522
65509
65493
65481
37
229
250
164
262
340
112
65197
64826
64944
7
353
178
12
4
2
0
0
0
65535
65535
3
7
8
8
8
8
7
2
65527
65513
65496
65491
58
164
119
138
210
65476
64986
64999
65
498
382
100
2
5
2
0
0
0
65535
65535
3
6
5
4
4
5
6
4
65535
65526
65513
65495
65503
76
279
397
276
91
101
255
378
348
172
30
2
6
2
0
0
0
0
1
4
6
5
4
4
4
4
4
3
65535
65526
65511
65499
78
301
230
65420
65409
191
214
65431
65287
65440
25
18
4
2
0
0
0
0
1
4
7
8
8
8
8
8
8
7
4
65534
65523
65518
27
65481
65145
65048
65426
218
158
65328
64960
64951
65213
65437
65532
6
0
0
0
1
2
2
4
7
8
8
8
8
8
8
7
4
0
65532
65423
65113
64970
65341
311
528
489
319
65505
65137
65174
65450
18
6
1
0
0
14
65531
65529
4
8
8
8
8
8
8
8
8
8
9
65527
65427
65389
117
466
517
385
408
450
324
247
231
121
9
65526
13
17
5
56
65485
65471
65530
12
7
8
8
8
8
8
8
8
5
65534
96
400
669
589
251
2
17
146
310
471
375
87
65448
65475
43
56
14
114
65464
65349
65456
22
28
22
23
24
24
24
24
24
21
28
102
230
274
161
14
65496
65496
113
385
384
129
65392
65283
65483
121
71
9
215
98
65327
65215
65330
65439
65471
65473
65472
65472
65472
65472
65472
65473
65471
65453
65421
65401
65408
65424
65426
65432
65507
28
65436
65176
65060
65343
189
218
62
0
221
309
124
65334
65112
65014
64969
64955
64955
64956
64956
64956
64956
64955
64951
64942
64928
64915
64909
64910
64914
64913
64895
64873
64880
65009
65406
305
367
173
35
0
96
276
414
366
187
35
65512
65506
65508
65508
65508
65508
65508
65507
65504
65497
65486
65478
65478
65484
65490
65489
65477
65481
57
334
571
501
239
58
5
0
19
101
257
438
592
697
749
762
761
760
760
760
760
760
760
760
760
760
761
763
764
763
761
761
753
668
455
218
74
15
0
0
0
8
46
120
202
262
289
293
292
292
292
292
292
292
292
292
292
292
292
292
292
292
293
286
246
171
92
36
10
2
0
0
