00000000
00000000
00000000
00000000
00000000
00000010
10010010
10011010
10010100
10010100
10010100
10010100
10010100
10010100
10010100
10010100
10010100
10010100
10010100
10010100
10010100
10010100
10010100
10010100
10010101
10000010
00000000
00000000
00000000
00000000
00000000
00000000
00000000
00000000
00000000
01100010
11001111
11010110
11001111
11000110
11000011
11000100
11000100
11000100
11000100
11000100
11000100
11000100
11000100
11000100
11000100
11000100
11000100
11000100
11000100
11000100
11000100
10111110
10110001
10001111
00110101
00000000
00000000
00000000
00000000
00000000
10001010
11010011
11000001
01111000
01010010
01001001
01001001
01001001
01001001
01001001
01001001
01001001
01001001
01001001
01001001
01001001
01001001
01001001
01001001
01001001
01001001
01001001
01001001
01010011
01110110
10011101
10000011
01000100
00000000
00000000
00000000
01010100
10110010
10011010
00110011
00001110
00001001
00001001
00001011
00001011
00001011
00001011
00001011
00001011
00001011
00001011
00001011
00001011
00001011
00001011
00001011
00001011
00001011
00001011
00001011
00001100
00010111
01000110
10000011
01101011
00101101
00000000
00000000
10001000
10011110
00111000
00001011
00010110
00100111
00101111
00110011
00110011
00110011
00110011
00110011
00110011
00110011
00110011
00110011
00110011
00110011
00110011
00110011
00110011
00110011
00110011
00110011
00110001
00100110
00011010
01010000
01111110
01010010
00000000
00010001
10000101
01110000
00011010
00011010
00110010
00110111
00110000
00110000
00110000
00110011
00111010
01000101
01000100
01000100
01000100
01000100
01000100
01000100
01000100
01000100
01000100
01000100
01000100
01000100
01000101
01000110
00110110
00110101
01110101
01011100
00000000
00101000
01111101
01011110
00011001
00101011
00110100
01011011
10100100
10100011
10100010
10101001
01110010
00110011
01000101
01000100
01000100
01000100
01000100
01000100
01000100
01000100
01000100
01000100
01000100
01000100
01000100
01000100
01000101
00111001
01110010
01100000
00001100
00100101
01111000
01011101
00011101
00110010
00110010
01100101
11101110
11111111
11111111
11111111
11100101
01000110
00111000
01000100
01000011
01000011
01000011
01000011
01000011
01000011
01000011
01000011
01000011
01000011
01000011
01000011
01000010
00111110
01110110
01011111
00001110
00100100
01110111
01011101
00011111
00110100
00110100
01011000
10111010
11011110
11101001
11110111
11111001
10101101
00110000
00111111
01000010
01000010
01000010
01000010
01000010
01000010
01000010
01000010
01000010
01000010
01000010
01000010
01000010
00111111
01110110
01011111
00001110
00100100
01110111
01011110
00100000
00110100
00110001
01010111
10101001
10110010
11000011
11011100
11111000
11110011
01111101
00101010
01000010
01000010
01000010
01000010
01000010
01000010
01000010
01000010
01000010
01000010
01000010
01000010
01000001
00111110
01110110
01011111
00001110
00100100
01110111
01011101
00011111
00110011
00110010
01001011
10011010
10100010
10100100
10110111
11100001
11111001
11100100
01011001
00101101
01000010
01000001
01000001
01000001
01000001
01000001
01000001
01000001
01000001
01000001
01000001
01000000
00111101
01110110
01011111
00001110
00100100
01110111
01011101
00011111
00110010
00111001
00101100
00111001
01110111
10011101
10011011
10101000
11100000
11111010
11011000
01001010
00110000
01000001
01000000
01000000
01000000
01000000
01000000
01000000
01000000
01000000
01000000
00111111
00111101
01110110
01011111
00001110
00100100
01110111
01011101
00011111
00110001
00111010
00110010
00100000
00011011
01001011
10001110
10011001
10011101
11011110
11111010
11001110
01000101
00110001
01000000
00111111
00111111
00111111
00111111
00111111
00111111
00111111
00111111
00111111
00111100
01110110
01011111
00001110
00100100
01110111
01011110
00011110
00101111
00111010
00110100
00101100
00100011
00010101
00101100
01111010
10010111
10010111
11011110
11111011
11010000
01001000
00101100
00111111
00111110
00111110
00111110
00111110
00111110
00111110
00111110
00111101
00111100
01110110
01011111
00001110
00100100
01110111
01011110
00011110
00101111
00111010
00111000
00110010
00101100
00100110
00011010
00011111
01101100
10010011
10010011
11011100
11111011
11010111
01001101
00100110
00111100
00111101
00111101
00111101
00111101
00111100
00111100
00111101
00111011
01110110
01011111
00001110
00100100
01110111
01011101
00011101
00101111
00111011
00111010
00110111
00110011
00101110
00101001
00011110
00011010
01100111
10001111
10001111
11011010
11111011
11100011
01100101
00101000
00110000
00111100
00111101
00110111
00110001
00111010
00111011
00111010
01110110
01011111
00001110
00100100
01110111
01011101
00011101
00101110
00111010
00111011
00111010
00111000
00110100
00101111
00101010
00100000
00011010
01100101
10001011
10001011
11010110
11111100
11111100
10110100
01111011
00111111
00110011
00101100
10001111
01001000
00110110
00111001
01110110
01011111
00001110
00100100
01110111
01011101
00011101
00101110
00111001
00111010
00111010
00111010
00111000
00110101
00110000
00101010
00011111
00011100
01101001
10000110
10001011
11010011
11101101
11001100
01110100
00011111
00100001
10100100
11100001
00110110
00110101
00111001
01110110
01011111
00001110
00100100
01110111
01011101
00011100
00101110
00111000
00111001
00111001
00111001
00111001
00111000
00110101
00110000
00101010
00011110
00100001
01110010
10000110
10001110
10011000
10010100
00110111
00110001
10101011
11101111
10001010
00101110
00110101
00111000
01110110
01011111
00001110
00100100
01110111
01011101
00011100
00101101
00110111
00111000
00111000
00111000
00111001
00111000
00110111
00110100
00101111
00101001
00011010
00110010
10001000
10001001
01111110
10100000
11001011
11110000
11101110
10001001
01000011
00101100
00110101
00110111
01110110
01011111
00001110
00100100
01110111
01011110
00011011
00101100
00110110
00110111
00110111
00110111
00110111
00110111
00110111
00110110
00110011
00101110
00100101
00100000
10000010
01110001
01001100
01110111
11111001
11110000
10000100
00111101
00100011
00110000
00110100
00110110
01110110
01011111
00001110
00100100
01110111
01011110
00011011
00101011
00110110
00110111
00110111
00110111
00110111
00110111
00110111
00110110
00110101
00110010
00101011
00101000
00111111
00001110
00110000
10100011
10111000
10101110
10000110
00100001
00011111
00110000
00110011
00110101
01110110
01011111
00001110
00100100
01110111
01011110
00011010
00101010
00110101
00110110
00110110
00110110
00110110
00110110
00110110
00110110
00110101
00110100
00110000
00101001
00010111
00010001
10010001
11000001
10011111
10011011
10110010
10011111
00101010
00100000
00110100
00110100
01110110
01011111
00001110
00100100
01110111
01011110
00011010
00101001
00110100
00110101
00110101
00110101
00110101
00110101
00110101
00110101
00110101
00110101
00110010
00101001
00011011
10001100
11011111
10101111
01011111
01111010
10101001
11011111
11000000
01111001
01000011
00101111
01110110
01011111
00001110
00100100
01110111
01011101
00011010
00101001
00110011
00110100
00110100
00110100
00110100
00110100
00110100
00110100
00110100
00110100
00110001
00101011
10000011
11011110
11000001
01010111
00001100
00011011
01011100
10001100
11000101
10001100
00101011
00110000
01110101
01011111
00001110
00011111
01110000
01100011
00011100
00100111
00110010
00110011
00110011
00110011
00110011
00110011
00110011
00110011
00110011
00110011
00101111
00111010
01101001
01110010
01010000
00010101
00011101
00010111
00011001
10100000
10001010
00101101
00101010
00110100
01111100
01011000
00001001
00000101
01011101
01111000
00110001
00100001
00110010
00110010
00110010
00110010
00110010
00110010
00110010
00110010
00110010
00110010
00110010
00101101
00011110
00010110
00011001
00100010
00100011
00100000
00101010
01011001
00100111
00100100
00100010
01010011
10010000
01000011
00000000
00000000
00111011
01111010
01101011
00101101
00100111
00101101
00101110
00101101
00101101
00101101
00101101
00101101
00101101
00101101
00101100
00101010
00100110
00100010
00100001
00100010
00100100
00100100
00100000
00010100
00011010
00011001
01000001
10101010
01110110
00100011
00000000
00000000
00001100
01001000
10000000
10000100
01011110
01000101
01000001
01000010
01000010
01000010
01000010
01000010
01000010
01000010
01000001
01000000
00111100
00111010
00111010
00111100
00111110
00111110
00111011
00110110
01000000
01111001
11000111
10010000
00110010
00000101
00000000
00000000
00000000
00010011
00111111
01110000
10010111
10110010
10111110
10111111
10111110
10111110
10111110
10111110
10111110
10111110
10111110
10111110
10111110
10111110
10111110
10111111
10111111
10111111
10111110
10111110
10111111
10110101
01110011
00101100
00001111
00000000
00000000
00000000
00000000
00000000
00001000
00011110
00110100
01000100
01001010
01001001
01001001
01001001
01001001
01001001
01001001
01001001
01001001
01001001
01001001
01001001
01001001
01001001
01001001
01001001
01001001
01001010
01000001
00101010
00010110
00000110
00000010
00000000
00000000
00000000
00000000
00000000
00000000
00000000
00000000
00000000
00000000
00000000
00000000
00000000
00000000
00000000
00000000
00000000
00000000
00000000
00000000
00000000
00000000
00000000
00000000
00000000
00000000
00000000
00000000
00000000
00000000
00000000
00000000
00000000
00000000
