0
0
98
403
726
842
826
798
784
783
784
784
784
784
784
784
784
784
784
784
784
784
784
784
778
753
687
516
249
53
0
0
0
138
487
753
719
665
805
903
890
884
884
884
884
884
884
884
884
884
884
884
884
884
884
885
878
766
606
563
487
267
68
0
84
346
692
940
996
930
867
836
826
827
828
828
828
828
828
828
828
828
828
828
828
828
828
828
823
811
815
810
688
443
197
45
136
568
995
1034
817
609
504
485
492
496
496
496
496
496
496
496
496
496
496
496
496
496
496
496
504
544
627
733
799
681
358
82
251
741
977
727
398
269
249
237
234
239
252
280
308
317
316
316
316
316
316
316
316
316
316
316
318
334
391
525
716
769
498
137
341
814
846
468
263
332
545
766
852
860
818
652
489
461
477
476
476
476
476
476
476
476
476
476
474
459
424
433
609
795
608
202
361
765
718
391
307
432
698
1031
1195
1215
1202
1019
689
523
531
541
540
540
540
540
540
540
540
540
541
544
530
492
585
772
623
215
396
751
674
394
350
482
812
1264
1515
1591
1590
1366
928
589
513
533
536
536
536
536
536
536
536
536
536
536
537
524
607
775
640
243
385
738
674
411
364
488
882
1435
1723
1808
1877
1742
1284
785
534
509
532
532
532
532
532
532
532
532
532
532
530
519
615
786
644
246
382
734
672
413
370
470
768
1227
1505
1608
1731
1800
1594
1126
691
506
506
525
524
524
524
524
524
524
524
524
523
515
614
786
644
246
382
735
675
415
373
445
594
880
1172
1376
1518
1674
1725
1475
1031
652
499
506
521
520
520
520
520
520
520
520
518
509
610
785
644
246
382
734
672
410
370
441
544
686
803
992
1267
1487
1640
1645
1379
976
635
492
500
513
512
512
512
512
512
512
511
503
605
783
644
246
382
735
673
406
370
423
408
452
587
709
866
1154
1441
1615
1602
1344
974
638
480
488
505
504
504
504
504
504
502
495
602
783
644
246
382
735
673
405
369
434
410
341
337
465
633
801
1083
1400
1589
1569
1330
989
647
466
471
495
496
496
495
493
493
490
598
781
644
246
382
735
671
399
364
438
436
394
338
305
389
566
760
1050
1378
1579
1569
1343
1029
701
478
444
477
485
468
459
471
478
592
780
644
246
382
735
671
398
361
440
454
431
398
353
309
359
526
734
1028
1356
1568
1577
1377
1149
954
732
544
453
525
643
582
478
583
778
644
246
382
734
668
395
360
441
461
451
433
407
368
318
348
507
724
1019
1342
1570
1604
1358
990
663
440
498
806
879
610
451
578
777
644
246
382
734
667
392
355
436
461
459
450
434
410
373
323
347
502
728
1026
1343
1540
1530
1238
796
624
839
1069
963
624
445
569
775
644
246
382
734
667
391
351
429
454
456
455
449
434
409
369
319
347
515
774
1082
1334
1438
1410
1273
1132
1114
1165
983
594
422
566
774
644
246
382
735
667
387
345
422
446
448
448
447
442
429
405
364
315
362
626
929
1002
978
1066
1164
1185
1195
1076
740
466
414
561
772
644
246
382
735
667
385
340
417
442
444
445
446
444
437
422
397
351
319
448
639
675
822
1207
1511
1587
1328
810
458
386
408
556
770
644
246
382
736
667
380
332
409
434
436
436
436
436
435
429
414
385
341
384
509
634
884
1253
1523
1508
1235
827
454
341
394
552
768
644
246
382
736
667
378
327
404
430
432
432
432
432
431
428
422
405
370
345
415
669
1034
1226
1192
1174
1158
1038
871
679
505
554
762
644
246
382
735
664
374
322
397
422
424
424
424
424
424
423
420
410
382
419
631
970
1195
1069
804
805
1021
1107
949
678
462
530
760
643
246
365
722
671
381
316
388
414
416
416
416
416
416
416
416
409
397
427
617
943
1056
819
589
608
916
1290
1209
771
483
549
766
631
229
294
678
713
437
324
378
407
408
408
408
408
408
408
408
405
388
436
654
867
801
507
274
299
556
828
877
665
461
600
815
599
190
233
594
748
575
392
358
378
386
385
384
384
384
384
384
379
378
434
534
552
429
288
244
240
353
581
578
411
506
793
829
497
141
115
407
666
711
651
572
497
465
463
464
464
464
464
464
463
455
423
369
333
340
368
382
386
439
490
506
650
850
881
687
338
72
59
259
511
638
674
760
872
931
943
941
940
940
940
940
939
935
926
912
899
895
900
906
903
881
859
850
809
780
741
515
203
35
12
96
292
506
606
591
559
554
556
556
556
556
556
556
555
552
545
534
526
526
532
538
537
527
517
549
676
755
573
259
62
5
0
19
101
257
438
592
697
749
762
761
760
760
760
760
760
760
760
760
760
761
763
764
763
761
761
753
668
455
218
74
15
0
0
0
8
46
120
202
262
289
293
292
292
292
292
292
292
292
292
292
292
292
292
292
292
293
286
246
171
92
36
10
2
0
