194
66
278
286
340
352
108
314
520
516
254
12
20
24
20
18
26
40
46
44
42
32
36
36
34
44
50
46
44
44
46
262
196
70
286
292
340
348
100
314
532
526
256
18
26
32
36
34
36
40
44
44
36
32
28
24
24
28
32
32
30
36
38
260
206
72
300
300
342
346
86
316
544
534
258
22
32
44
52
52
50
46
46
46
40
32
24
16
16
14
14
22
24
24
20
256
218
64
314
318
352
354
78
314
556
544
260
28
40
52
64
68
66
60
54
48
38
30
24
16
2
12
16
6
14
24
16
262
228
66
312
326
360
366
78
316
562
552
258
40
52
60
70
82
86
76
64
54
44
32
20
14
10
16
26
26
12
10
16
266
224
74
324
322
364
376
78
336
576
558
258
52
64
70
76
84
92
88
80
64
46
32
20
16
10
12
24
30
36
20
36
296
202
130
326
284
368
376
130
382
586
564
254
62
72
74
78
84
92
92
86
76
58
42
24
16
14
12
18
40
46
42
38
246
152
98
298
326
374
378
136
344
594
574
254
62
68
74
80
86
88
90
92
88
78
58
36
22
14
6
18
36
28
28
46
206
218
160
350
376
386
434
130
316
602
582
264
58
72
76
78
82
86
88
88
90
90
76
52
30
12
16
12
30
44
54
84
232
316
112
400
434
458
460
56
328
608
590
264
64
72
74
76
84
88
86
82
88
94
88
72
46
20
16
56
56
68
108
102
268
280
96
452
472
488
392
30
320
616
596
264
68
80
102
92
74
78
88
98
74
82
92
92
64
34
90
108
80
86
98
166
192
206
166
510
428
418
352
6
302
626
604
266
72
78
152
236
214
182
84
142
152
78
142
100
100
86
18
88
88
88
140
138
98
194
264
468
398
376
352
30
296
638
610
266
80
78
70
70
140
234
212
194
192
294
314
218
228
186
128
92
228
242
248
336
248
296
270
470
418
390
364
54
290
646
620
264
86
86
84
70
62
100
228
338
326
314
326
358
282
164
130
34
140
334
486
496
364
294
224
492
436
394
412
90
280
654
626
180
292
314
300
282
318
372
292
250
224
162
142
62
158
162
172
182
318
400
352
344
262
202
168
470
400
396
412
84
300
666
636
222
218
218
210
246
304
356
284
254
226
220
192
62
110
120
174
236
372
408
294
258
202
222
130
410
364
376
370
36
346
678
642
260
114
108
102
106
140
172
174
166
168
192
156
88
60
36
34
136
172
148
162
182
164
232
138
394
404
444
448
78
384
692
652
268
120
136
172
212
276
318
280
210
160
162
124
84
70
86
158
228
234
188
114
114
232
248
192
450
486
502
504
90
366
702
644
192
270
326
346
354
362
326
278
216
144
68
42
124
164
160
148
138
96
80
100
148
196
256
292
566
576
588
550
82
368
718
632
136
300
256
244
262
310
276
250
200
116
72
122
72
12
82
62
36
86
122
96
176
198
342
352
564
568
592
554
92
390
732
700
284
154
158
156
194
308
338
262
198
204
264
188
174
180
126
78
142
108
88
146
148
200
360
324
570
576
608
574
112
408
748
696
274
146
186
274
342
338
290
242
220
170
120
128
176
128
36
144
142
72
74
90
44
246
346
300
576
580
626
598
136
428
762
716
282
234
362
364
318
256
282
278
152
166
128
98
74
64
114
58
54
74
68
48
30
290
308
294
580
582
646
622
164
454
776
730
294
192
264
242
196
178
224
230
142
166
118
140
130
48
64
106
136
120
78
28
30
318
288
292
580
584
666
644
190
478
790
744
312
116
136
156
162
166
170
184
184
172
198
220
184
142
132
150
132
94
78
38
30
262
280
288
580
582
684
666
214
504
802
766
324
118
134
144
156
172
180
182
186
204
274
262
198
154
164
206
120
150
72
54
74
218
280
288
580
582
698
682
234
522
814
782
340
104
120
134
144
158
174
180
188
192
248
246
178
170
164
208
142
150
102
76
44
264
282
292
586
588
714
700
254
536
824
794
350
94
108
124
138
150
162
176
174
190
222
208
190
174
190
200
144
126
124
108
72
310
288
296
588
586
724
712
272
550
830
808
360
90
98
108
124
142
156
166
174
190
202
200
200
192
196
190
170
158
136
120
96
352
288
308
592
588
734
722
286
562
836
814
366
80
92
104
116
128
142
162
176
186
196
206
212
210
206
198
186
172
152
130
108
366
290
316
592
588
738
728
296
568
842
818
370
80
90
98
108
122
138
156
168
184
202
212
216
214
216
212
194
176
160
146
124
372
598
582
842
836
558
556
554
550
274
0
0
0
0
0
0
0
0
0
0
0
0
0
0
0
0
0
0
0
0
0
0
0
