594
558
64
610
842
842
842
982
1196
1016
784
816
760
584
176
58
58
26
2
2
0
0
0
0
12
50
144
392
678
796
822
878
890
734
364
306
702
626
586
714
402
474
514
198
388
516
516
334
112
18
0
0
0
0
0
0
20
110
258
284
284
136
246
440
386
98
262
140
446
184
310
180
294
324
40
470
624
616
366
86
8
8
4
0
0
0
0
0
2
26
142
358
432
430
236
72
126
416
492
52
342
510
284
332
490
272
260
434
360
216
138
138
82
32
8
0
0
0
0
0
4
30
76
76
208
212
238
250
170
378
526
64
342
530
144
420
364
246
242
268
230
170
174
140
98
86
82
80
74
54
18
2
2
6
24
58
68
148
142
302
272
286
374
112
284
478
200
710
756
716
582
224
54
108
148
82
250
328
412
388
390
294
58
32
2
0
2
20
70
148
148
246
276
246
344
140
258
460
370
836
1072
1062
996
660
134
60
112
20
404
756
748
774
754
700
330
20
20
2
2
12
92
158
158
242
262
250
348
128
266
456
236
696
898
1002
992
802
328
182
142
88
164
686
772
732
734
728
580
178
42
6
0
6
98
162
162
236
256
254
352
124
266
462
202
658
778
864
934
912
548
516
132
168
294
494
832
600
720
718
718
472
70
48
2
10
96
162
162
238
258
254
352
126
268
462
146
606
716
732
792
846
704
770
390
142
368
376
692
758
510
728
692
694
374
38
36
12
98
166
166
234
256
258
356
124
268
450
130
350
438
676
562
474
674
884
646
356
162
290
278
648
704
510
724
694
676
324
30
22
100
170
170
230
252
262
360
122
270
450
148
312
206
488
520
258
418
782
982
540
356
200
322
148
544
652
496
720
694
660
298
26
130
172
174
224
250
266
364
126
274
454
118
342
252
186
270
208
332
496
810
910
554
344
198
338
90
442
626
480
734
700
672
318
124
212
178
222
246
270
370
120
274
454
106
362
282
184
200
296
60
380
544
718
868
604
342
178
322
120
382
620
456
746
698
692
230
194
186
212
242
278
372
118
274
452
98
378
304
234
158
274
180
230
400
478
674
876
678
402
152
290
148
326
658
464
764
748
614
254
244
128
210
304
380
112
274
456
98
386
322
256
138
246
314
22
312
328
442
666
918
874
610
344
306
150
146
308
538
628
748
698
590
756
378
158
376
130
272
458
102
384
326
274
154
224
278
130
106
256
294
434
636
802
634
392
102
444
646
542
610
492
942
916
884
956
782
562
506
94
274
460
106
382
322
282
168
208
244
98
58
92
254
302
360
380
348
192
294
676
682
654
294
586
750
228
768
548
760
538
416
80
274
464
110
378
320
280
172
204
226
64
24
84
142
306
342
342
518
884
916
800
570
242
310
422
406
442
540
726
416
296
422
80
276
468
116
376
320
274
170
208
216
68
24
58
104
258
282
186
488
944
688
658
208
346
400
346
500
148
284
794
202
352
416
88
276
470
116
376
322
274
172
208
212
74
46
32
52
70
104
182
454
536
554
440
220
310
70
144
366
126
298
626
140
360
418
90
278
474
120
374
320
270
168
212
212
78
64
14
86
138
132
450
482
538
462
704
544
196
96
118
268
170
712
656
416
370
448
62
278
478
124
370
318
264
164
216
214
78
72
4
74
122
514
578
608
374
568
964
688
904
596
240
700
512
782
762
854
614
578
270
268
480
126
366
312
258
158
218
216
74
68
4
142
498
622
628
370
174
488
380
532
852
446
500
874
440
342
478
706
458
610
260
258
470
152
344
324
248
166
220
218
70
62
32
124
234
234
192
90
220
212
116
360
488
36
256
474
262
554
282
658
400
428
168
198
444
224
270
374
202
224
226
226
138
36
24
50
96
106
106
72
106
98
52
80
46
54
98
464
342
390
148
224
256
356
224
150
372
210
144
336
316
180
196
278
280
126
10
10
38
48
48
46
48
60
86
88
86
62
302
400
454
156
152
350
160
228
340
56
226
112
424
384
332
366
182
130
258
258
194
78
32
30
30
24
26
34
42
40
116
386
432
470
142
268
508
504
298
592
522
160
416
664
878
948
936
892
838
748
596
408
234
102
24
2
0
4
4
4
2
4
14
168
444
644
728
780
916
848
792
728
516
154
134
254
310
352
380
368
336
302
274
216
128
52
8
2
0
0
0
0
2
14
78
164
236
274
304
356
378
306
282
214
128
56
16
4
0
0
0
0
0
0
0
0
0
0
0
0
0
0
0
0
0
0
0
0
0
0
0
0
0
0
0
0
0
0
0
0
0
0
0
0
0
0
0
0
0
0
0
0
0
0
0
0
0
0
0
0
0
0
0
0
0
