01111101
10000001
10000011
10000011
10000101
10001001
10000000
10010100
01010111
00010100
00010011
00010100
00010011
00010100
00010100
00010011
00010100
00010011
00010100
00010011
00010100
00010100
00010011
00010100
00010011
00010100
00010011
00010100
00010100
00010011
00010100
00101001
10110001
10100111
10101010
10101000
10110010
10101101
10101111
10111000
01110001
00101011
00110010
00101011
00110001
00101101
00101110
00110000
00101011
00110010
00101011
00110001
00101101
00101110
00110001
00101011
00110010
00101011
00110000
00101110
00101110
00110001
00101010
01000110
11110100
11010100
11010110
11011000
11111010
11100000
11111000
11111011
01111011
00000110
00000111
00001011
00000110
00001011
00000111
00001000
00001010
00000110
00001011
00000110
00001010
00001000
00001000
00001010
00000110
00001011
00000110
00001010
00001001
00001000
00001001
00100011
11110001
11010011
11010110
11001110
11101110
11011111
11110101
11111000
01111000
00001101
00001111
00001111
00001101
00010000
00001100
00010000
00001101
00001110
00001111
00001100
00010000
00001100
00010000
00001101
00001110
00001111
00001100
00010000
00001100
00010000
00001101
00101000
11100101
11010001
11010110
11001111
11101110
11011100
11110101
11111000
10010001
00100011
00100001
00111000
00011000
00111011
00011101
00101110
00101101
00011101
00111011
00011000
00111000
00011101
00101101
00110000
00011100
00111001
00011000
00111000
00100010
00101001
00101101
00110001
11100011
11010001
11010110
11001110
11100110
11011011
11110001
11111000
10001010
00110011
00110101
00100001
00110111
00100101
00101110
00110000
00100100
00110111
00100010
00110111
00100111
00101101
00101111
00100100
00111001
00100010
00110100
00101000
00101100
00110100
00011111
00110110
11100011
11010001
11010111
11001110
11101000
11011010
11101100
11111000
10001010
00111000
00111001
00011101
00111101
00100011
00110001
00110010
00100011
00111110
00011111
00111011
00100100
00101111
00110010
00100001
00111011
00011101
00111011
00100110
00101111
00110100
00011100
00110111
11100011
11010001
11010111
11001110
11100110
11011001
11101010
11111000
10001010
00111000
00111001
00011101
00111110
00100100
00110000
00110101
00100010
00111111
00100001
00111010
00100110
00101111
00110010
00100001
00111011
00011101
00101001
00100010
00100011
00101000
00011011
00110101
11100011
11010001
11010111
11010000
11101011
11011000
11101010
11111000
10001010
00110101
00110000
00011101
00110011
00100001
00110001
00110101
00100011
01000000
00100000
00111011
00101001
00101111
00110101
00100001
00111101
00011110
00100010
00100000
00011111
00100011
00011011
00110011
11100011
11010001
11010110
11010101
11110100
11010111
11101010
11111000
10001011
00101100
00011001
00011100
00011001
00011100
00101111
00101110
00100011
00111101
00011110
00111100
00101001
00101110
00111010
00100001
00111111
00100001
00111100
00101000
00101111
00110110
00011011
00110100
11100011
11010001
11010110
11001111
11100111
11011000
11101010
11111000
10001011
00101101
00011100
00011100
00011011
00011110
00011001
00011011
00100100
00111011
00011101
00111100
00100100
00101111
00111000
00100001
01000000
00100001
00111001
00101100
00101101
00110101
00011100
00110110
11100011
11010001
11010110
11001111
11101011
11011000
11101010
11111000
10001010
00111010
00111001
00011011
00011001
00011101
00011010
00011110
00011010
00011011
00011101
00111100
00100100
00101111
00110100
00100001
00111111
00100000
00111010
00101101
00101100
00111001
00011100
00110110
11100011
11010001
11010110
11001111
11101000
11011000
11101010
11111000
10001000
00101100
00111010
00011101
00111001
00100011
00011001
00011100
00011010
00011010
00011100
00011101
00011100
00110001
00110100
00100001
01000001
00011110
00111001
00101100
00101100
00111011
00011100
00110110
11100011
11010001
11010110
11010110
11110011
11010111
11101010
11111000
10001000
00101010
00111101
00011111
00111101
00100111
00101100
00101100
00100001
00110100
00011100
00011000
00011101
00011110
00100001
00011100
00100010
00011101
00111001
00101000
00101101
00111000
00011100
00110110
11100011
11010001
11010110
11010011
11101100
11011000
11101010
11111000
10001001
00110100
00111101
00100000
00111101
00101000
00110001
00110110
00100011
00111101
00011110
00101101
00100001
00100110
00101001
00011110
00101101
00011101
00111001
00100110
00101101
00110101
00011100
00110111
11100011
11010001
11010111
11001110
11100111
11011001
11101010
11111000
10001010
00111001
00111100
00011111
00111101
00101001
00110000
00111001
00100010
00111111
00100001
00111100
00100101
00110000
00110011
00100010
00111101
00011110
00111001
00100111
00101110
00110100
00011100
00110111
11100100
11010010
11011000
11010000
11101001
11011001
11101010
11111000
10001010
00111001
00111100
00011111
00111110
00101001
00110000
00110110
00100010
01000011
00100010
00111011
00101001
00101111
00110011
00100010
00111100
00011101
00110011
00100101
00101010
00110000
00011100
00110110
11010101
11000101
11001011
11000011
11011011
11010101
11101010
11111000
10001010
00111000
00111011
00011101
00111110
00101000
00110000
00111000
00100010
01000000
00100000
00111110
00101101
00101110
00111001
00100010
00111100
00011101
00011000
00011101
00011001
00011100
00011011
00110011
11010101
11001100
11010001
11001001
11011100
11010010
11101010
11111000
10001001
00110100
00110111
00011001
00111110
00101000
00110000
00111000
00100010
01000001
00100000
00111011
00101000
00101010
00110100
00011110
00111101
00011101
00011010
00011101
00011010
00011101
00011001
00110000
11100101
11010010
11010101
11001100
11101101
11011000
11110101
11110111
01111000
00001011
00001101
00001110
00010001
00010000
00001110
00010001
00001101
00010000
00010000
00001111
00001110
00001011
00001110
00001110
00010001
00001111
00001101
00010001
00001101
00010000
00001101
00101001
10011010
10000100
10000111
10000111
10001100
10010010
10010010
10010111
01001111
00000101
00001000
00001000
00000001
00000010
00000000
00000010
00000000
00000000
00000001
00000101
00001001
00000110
00001001
00000101
00000001
00000001
00000000
00000011
00000000
00000010
00000000
00100011
10011100
01111010
01111101
01111100
01111111
10000100
01111011
10000011
01000100
00000000
00000010
00000001
00000001
00000100
00000000
00000100
00000000
00000010
00000010
00000000
00000011
00000000
00000011
00000000
00000010
00000010
00000000
00000100
00000000
00000100
00000000
00011110
10011110
01111100
01111111
01111111
10000010
10000110
01111110
10000101
01000101
00000000
00000011
00000010
00000001
00000100
00000000
00000100
00000000
00000010
00000010
00000000
00000100
00000000
00000100
00000000
00000010
00000010
00000000
00000100
00000000
00000100
00000000
00011111
10011110
01111100
01111111
01111111
10000010
10000110
01111110
10000101
01000101
00000000
00000011
00000010
00000001
00000100
00000000
00000100
00000000
00000010
00000010
00000000
00000100
00000000
00000100
00000000
00000010
00000010
00000000
00000100
00000000
00000100
00000000
00011111
10011110
01111100
01111111
01111111
10000010
10000110
01111110
10000101
01000101
00000000
00000011
00000010
00000001
00000100
00000000
00000100
00000000
00000010
00000010
00000000
00000100
00000000
00000100
00000000
00000010
00000010
00000000
00000100
00000000
00000100
00000000
00011111
10011110
01111100
01111111
01111111
10000010
10000110
01111110
10000101
01000101
00000000
00000011
00000010
00000001
00000100
00000000
00000100
00000000
00000010
00000010
00000000
00000100
00000000
00000100
00000000
00000010
00000010
00000000
00000100
00000000
00000100
00000000
00011111
10011110
01111100
01111111
01111111
10000010
10000110
01111110
10000101
01000101
00000000
00000011
00000010
00000001
00000100
00000000
00000100
00000000
00000010
00000010
00000000
00000100
00000000
00000100
00000000
00000010
00000010
00000000
00000100
00000000
00000100
00000000
00011111
10011110
01111001
01111010
01111010
01111110
10000010
01111001
10000001
01000010
00000000
00000000
00000000
00000000
00000001
00000000
00000001
00000000
00000000
00000000
00000000
00000001
00000000
00000001
00000000
00000000
00000000
00000000
00000001
00000000
00000001
00000000
00011100
10100010
10011100
10101011
10101011
10101101
10101111
10101010
10101111
01101011
00100110
00101010
00101010
00101010
00101011
00101000
00101010
00101000
00101010
00101011
00101001
00101010
00100111
00101011
00101001
00101011
00101010
00101000
00101010
00101000
00101011
00101001
01000000
10001101
11010100
11111111
11111111
11101010
11111111
11100101
11011110
01111011
00011011
00010100
00001011
00001100
00001011
00010000
00100010
00010010
00001011
00001100
00001011
00010010
00100010
00010000
00001011
00001100
00001011
00010101
00100001
00001111
00001011
00001011
00100011
10001001
10011000
10100010
10101010
10101011
10100111
10011111
10101010
01010110
00001101
00001001
00000001
00000010
00000010
00000100
00010000
00000111
00000010
00000010
00000010
00000110
00010000
00000110
00000010
00000010
00000010
00000111
00010000
00000101
00000010
00000010
00011001
10110000
10101110
10101000
10101111
10110001
10101001
10101000
10110010
10001011
01011111
01100010
01101000
01100010
01100000
01100000
01011111
01100000
01100001
01100001
01100001
01100000
01011111
01100000
01100001
01100001
01100001
01100000
01011111
01100000
01100001
01100001
01110001
